Question 6

Age Wise Data(Sorted On Average Observed)

Oldness	According To Number Of Delays	According To Time Wasted	According To Average Delay
52	226				8734				38.64602
44	6805				132272				19.437473
48	3931				76389				19.43246
22	360289				6999267				19.426813
21	528245				10212239			19.332392
20	724992				13995982			19.305016
19	835663				15635004			18.7097
45	5575				104205				18.69148
42	7288				133350				18.297201
49	3672				67169				18.292212
43	7624				138851				18.212357
9	2422529				43685835			18.033154
18	888661				15962529			17.96245
23	226842				4025539				17.746004
8	2797162				49428313			17.67088
10	2060510				35900419			17.423075
17	1039851				17907156			17.220886
40	55076				940913				17.083902
6	3098905				52620407			16.980324
13	1402420				23799124			16.970041
11	1788353				30086774			16.823734
5	3184204				53231994			16.71752
7	3074190				51362735			16.70773
16	1187553				19781032			16.656967
47	4097				68134				16.630217
39	74227				1228660				16.552736
14	1271675				20962922			16.484497
4	3190444				52321905			16.399569
12	1607716				26139385			16.258707
15	1243531				19902992			16.005224
24	132706				2071143				15.607003
25	92487				1437389				15.541525
41	28949				449303				15.520501
46	4836				74836				15.474772
3	3020815				45640062			15.108526
2	2726945				40924522			15.007461
50	1150				17094				14.864347
1	2369832				35174735			14.842713
29	156135				2238984				14.340052
38	81261				1157985				14.250194
30	136191				1905401				13.990653
28	153956				2132005				13.848145
51	1227				16749				13.650367
31	123524				1664313				13.4736
27	131071				1740980				13.282724
26	88869				1143125				12.863034
32	106332				1360061				12.790703
37	86978				1078349				12.397951
33	70173				772399				11.007069
36	90053				849040				9.4282255
34	67099				568762				8.47646
35	90222				566917				6.2835784

